1 0 0 0 0 0 0 0 0 0
0 4 0 0 0 0 0 0 0 0
2 0 7 0 0 0 0 0 0 0
0 0 0 9 0 0 0 0 0 0
0 5 0 0 3 0 0 0 0 0
0 0 0 0 0 5 0 0 0 0
0 0 8 0 0 6 8 0 0 0
3 0 0 0 0 7 0 9 0 0
0 0 0 1 4 0 0 1 3 0
0 6 0 2 0 0 0 2 0 4

value:  1,4,2,7,9,5,3,5,8,6,8,3,7,9,1,4,1,3,6,2,2,4
colInd: 0,1,0,2,3,1,4,5,2,5,6,0,5,7,3,4,7,8,1,3,7,9
rowPtr: 0,1,2,4,5,7,8,11,14,18

L:

1 0 0 0 0 0 0 0 0 0
0 1 0 0 0 0 0 0 0 0
1 0 1 0 0 0 0 0 0 0
0 0 0 1 0 0 0 0 0 0
0 1 0 0 1 0 0 0 0 0
0 0 0 0 0 1 0 0 0 0
0 0 1 0 0 1 1 0 0 0
1 0 1 0 0 1 1 1 0 01 0 0 0 0 0 0 0 0 0
0 4 0 0 0 0 0 0 0 0
2 0 7 0 0 0 0 0 0 0
0 0 0 9 0 0 0 0 0 0
0 5 0 0 3 0 0 0 0 0
0 0 0 0 0 5 0 0 0 0
0 0 8 0 0 6 8 0 0 0
3 0 0 0 0 7 0 9 0 0
0 0 0 1 4 0 0 1 3 0
0 6 0 2 0 0 0 2 0 4
0 0 0 1 1 0 0 1 1 0
0 1 0 1 1 0 0 1 1 1

--------------------------------------------------------

1 0 3 0 0 0 0 0
0 2 3 0 0 7 0 0
3 3 3 0 0 0 0 0
0 0 0 4 0 6 0 0 
0 0 0 0 5 6 0 0
0 0 0 6 6 6 7 0
0 0 7 0 0 7 7 8
0 0 0 0 0 0 8 8 

0 0 0 0 0 0 0 0
0 0 0 0 0 0 0 0
3 3 0 0 0 0 0 0
0 0 0 0 0 0 0 0 
0 0 0 0 0 0 0 0
0 0 0 6 6 0 0 0
0 0 7 0 0 7 0 0
0 0 0 0 0 0 8 0 

val: 1 2 3 3 3 4 5 6 6 6 7 7 7 8 8
col: 0 1 0 1 2 3 4 3 4 5 2 5 6 6 7
row: 0 1 2 5 6 7 10 13 -1

   7----A:
34.000000 0.000000 0.000000 0.000000 0.000000 0.000000 0.000000 0.000000 0.000000 0.000000 
0.000000 37.000000 0.000000 0.000000 0.000000 0.000000 0.000000 0.000000 0.000000 0.000000 
0.000000 0.000000 28.000000 0.000000 0.000000 0.000000 0.000000 0.000000 0.000000 0.000000 
0.000000 0.000000 0.000000 16.000000 0.000000 0.000000 0.000000 0.000000 0.000000 0.000000 
0.000000 0.000000 0.000000 0.000000 44.000000 0.000000 0.000000 0.000000 0.000000 0.000000 
3.000000 8.000000 0.000000 0.000000 0.000000 36.000000 0.000000 0.000000 0.000000 0.000000 
0.000000 0.000000 1.000000 10.000000 0.000000 0.000000 37.000000 0.000000 0.000000 0.000000 
0.000000 0.000000 0.000000 0.000000 4.000000 7.000000 0.000000 43.000000 0.000000 0.000000 
0.000000 0.000000 0.000000 0.000000 0.000000 0.000000 1.000000 7.000000 50.000000 0.000000 
0.000000 0.000000 0.000000 0.000000 0.000000 0.000000 0.000000 0.000000 3.000000 22.000000 

fillCount = 0

----L:
0 0 0 0 0 0 0 0 0 0 
0 0 0 0 0 0 0 0 0 0 
0 0 0 0 0 0 0 0 0 0 
0 0 0 0 0 0 0 0 0 0 
0 0 0 0 0 0 0 0 0 0 
1 1 0 0 0 0 0 0 0 0 
0 0 1 1 0 0 0 0 0 0 
0 0 0 0 1 1 0 0 0 0 
0 0 0 0 0 0 1 1 0 0 
0 0 0 0 0 0 0 0 1 0 

LcolInd: 0 1 2 3 4 5 6 7 8 
LrowPtr: 0 0 0 0 0 0 2 4 6 8 


----P:
5 5 6 6 7 7 8 8 9 -1 

----C:
0 0 0 0 0 2 2 2 2 1 

----MAP:
0 1 2 3 4 0 2 4 2 2 
J:5 RANK: 0 , I'm waiting for msg from 1

   6
 2   5
0 1 3 4	

map[] = 0 1 0 2 3 2 0 1

----------------------------------------------------------

P : 2 4 6 8 8 6 7 8 9 -1

C : 0 0 1 0 1 0 2 1 3 1

P0 P1 P2 P3

      9  7 
2  4  8  6 
0  1  3  5


     0  1  2  3  4  5  6  7  8  9 
MAP: 0  1  0  2  1  3  3  3  2  2


        9
	8
     3  4  7
        1  6 
          2 5 
          0


-------------------0 0 0 0 0 0 0 0
0 0 0 0 0 0 0 0
3 3 0 0 0 0 0 0
0 0 0 0 0 0 0 0 
0 0 0 0 0 0 0 0
0 0 0 6 6 0 0 0
0 0 7 0 0 7 0 0
0 0 0 0 0 0 8 0 ---------------------

25 15 -5
15 18  0
-5  0  11

value : 25, 15, 18, -5, 11
colInd: 0, 0, 1, 0, 2
rowPtr: 0, 1, 3


----------------------------
0 0 0 0 0 0 0 0 0 0 
0 0 0 0 0 0 0 0 0 0 
1 0 0 0 0 0 0 0 0 0 
0 0 0 0 0 0 0 0 0 0 
0 1 0 0 0 0 0 0 0 0 
0 0 0 0 0 0 0 0 0 0 
0 0 1 0 0 1 0 0 0 0 
1 0 1 0 0 1 1 0 0 0 
0 0 0 1 1 0 0 1 0 0 
0 1 0 1 1 0 0 1 1 0

colInd: 0 1 2 5 0 2 5 6 3 4 7 1 3 4 7 8 
rowPtr: 0 0 0 1 1 2 2 4 8 11  

1 0 0 0 0 0 0 0 0 0
0 4 0 0 0 0 0 0 0 0
2 0 7 0 0 0 0 0 0 0
0 0 0 9 0 0 0 0 0 0
0 5 0 0 3 0 0 0 0 0
0 0 0 0 0 5 0 0 0 0
0 0 8 0 0 6 8 0 0 0
3 0 0 0 0 7 0 9 0 0
0 0 0 1 4 0 0 1 3 0
0 6 0 2 0 0 0 2 0 4


float value[] = {100,400,2,700,900,5,300,500,8,6,800,3,7,900,1,4,1,300,6,2,2,400};
int colInd[] = {0,1,0,2,3,1,4,5,2,5,6,0,5,7,3,4,7,8,1,3,7,9};
int rowPtr[] = {0,1,2,4,5,7,8,11,14,18};

--------------------------------------------------

0 0 0 0 0 0 0 0
0 0 0 0 0 0 0 0
0 0 0 0 0 0 0 0
0 0 0 0 0 0 0 0 
1 1 0 0 0 0 0 0
0 0 1 1 0 0 0 0
0 0 0 0 1 1 0 0
0 0 0 0 0 0 1 0 


   

       6
   4       5
 0   1   2   3  	





value: 34, 37, 28, 16, 44, 3, 8, 36, 1, 10, 37, 4, 7, 43, 1, 7, 50, 3, 22, 

colInd: 0, 1, 2, 3, 4, 0, 1, 5, 2, 3, 6, 4, 5, 7, 6, 7, 8, 8, 9, 
rowPtr: 0, 1, 2, 3, 4, 5, 8, 11, 14, 17,



----A:
34.000000 0.000000 0.000000 0.000000 0.000000 0.000000 0.000000 0.000000 0.000000 0.000000 
0.000000 37.000000 0.000000 0.000000 0.000000 0.000000 0.000000 0.000000 0.000000 0.000000 
0.000000 0.000000 28.000000 0.000000 0.000000 0.000000 0.000000 0.000000 0.000000 0.000000 
0.000000 0.000000 0.000000 16.000000 0.000000 0.000000 0.000000 0.000000 0.000000 0.000000 
0.000000 0.000000 0.000000 0.000000 44.000000 0.000000 0.000000 0.000000 0.000000 0.000000 
3.000000 8.000000 0.000000 0.000000 0.000000 36.000000 0.000000 0.000000 0.000000 0.000000 
0.000000 0.000000 1.000000 10.000000 0.000000 0.000000 37.000000 0.000000 0.000000 0.000000 
0.000000 0.000000 0.000000 0.000000 4.000000 7.000000 0.000000 43.000000 0.000000 0.000000 
0.000000 0.000000 0.000000 0.000000 0.000000 0.000000 1.000000 7.000000 50.000000 0.000000 
0.000000 0.000000 0.000000 0.000000 0.000000 0.000000 0.000000 0.000000 3.000000 22.000000 

fillCount = 0

----L:
0 0 0 0 0 0 0 0 0 0 
0 0 0 0 0 0 0 0 0 0 
0 0 0 0 0 0 0 0 0 0 
0 0 0 0 0 0 0 0 0 0 
0 0 0 0 0 0 0 0 0 0 
1 1 0 0 0 0 0 0 0 0 
0 0 1 1 0 0 0 0 0 0 
0 0 0 0 1 1 0 0 0 0 
0 0 0 0 0 0 1 1 0 0 
0 0 0 0 0 0 0 0 1 0 

LcolInd: 0 1 2 3 4 5 6 7 8 
LrowPtr: 0 0 0 0 0 0 2 4 6 8 


----P:
5 5 6 6 7 7 8 8 9 -1 

----C:
0 0 0 0 0 2 2 2 2 1 

----MAP:
0 1 2 3 4 0 2 4 2 2 

J:5 RANK: 0 , I'm waiting for msg from 1










