306 35100 0 937
17 300 164472 75
306 35100 197154 35268
64 64800 310448 29493
64 64800 310541 29063
64 64800 310684 33707
16 54000 319091 47451
16 54000 319101 49724
1 64800 324746 61578
1 64800 324939 54611
33 43200 325845 34208
1 64800 329457 50008
4 57600 331348 47467
32 64800 332172 431
16 64800 332256 29962
81 3600 340050 563
16 64800 340132 35436
32 5400 340486 1759
32 5400 340494 3468
1 64800 345653 42198
1 64800 346123 43899
32 64800 346477 468
1 57600 349115 43116
1 57600 349142 40723
1 64800 355510 60130
1 64800 355537 55625
1 64800 355579 54680
1 64800 355659 57305
1 64800 355748 54919
1 64800 355813 44329
24 21600 360803 17129
1 64800 364635 7315
1 64800 364891 6906
10 64800 367030 46
7 64800 367475 50
1 300 376991 330
1 300 377108 226
1 64800 377838 11850
5 900 378233 940
1 300 378411 62
1 900 378792 75
1 64800 379805 16762
1 300 380237 320
1 900 380335 78
1 900 380710 39
1 900 380738 65
1 900 380784 71
5 900 381192 58
1 21600 381346 5108
5 900 381358 61
5 900 381721 599
1 900 382569 52
1 300 383314 335
1 64800 385806 43
1 64800 387233 2241
26 300 396176 72
1 64800 397015 12937
16 43200 398652 4053
15 54000 399095 19663
15 1800 399422 314
10 10800 400484 4930
3 10800 400634 6058
16 54000 400903 9615
1 3600 401262 1117
200 1800 402359 1850
120 1800 402444 1685
4 600 403517 649
81 3600 403675 2017
129 1080 403688 6727
100 2100 403691 167
200 2100 403741 313
300 2100 404510 433
1 64800 404957 4935
3 64800 404972 19370
1 64800 405175 19351
1 64800 405614 4446
16 54000 405705 4192
1 64800 405892 18764
1 64800 405946 18743
1 64800 406018 18665
1 64800 406103 18556
4 28800 406350 17029
4 600 406862 647
7 64800 406983 228
10 64800 406992 206
16 3600 407107 3807
16 3600 407357 3916
16 3600 407607 3807
1 10800 407723 5681
8 21600 407818 79
4 600 407881 124
16 14400 408182 164
16 14400 408220 2633
8 21600 408282 77
16 14400 408325 242
4 600 408355 417
1 64800 408517 16128
16 14400 408854 2541
10 600 409262 1058
10 64800 409304 901
